690	426.88593
690.01685	428.40527
690.03375	430.00244
690.0506	431.58603
690.06744	432.21881
690.08429	431.85806
690.1012	431.0661
690.11804	431.02765
690.13489	431.84772
690.15179	432.98215
690.16864	434.49469
690.18549	435.72464
690.20233	436.56009
690.21924	437.68143
690.23608	438.96243
690.25293	440.00525
690.26984	440.28799
690.28668	440.71909
690.30353	440.66315
690.32043	440.98019
690.33728	441.09656
690.35413	441.8801
690.37097	442.39911
690.38788	443.04507
690.40472	443.33331
690.42157	443.74243
690.43848	444.5127
690.45532	445.65909
690.47217	447.68939
690.48901	449.60858
690.50592	451.58862
690.52277	453.8288
690.53961	458.14368
690.55652	460.21539
690.57336	462.10385
690.59021	462.72113
690.60706	464.05078
690.62396	465.7926
690.64081	466.93506
690.65765	468.43576
690.67456	470.8728
690.69141	473.16757
690.70825	474.70114
690.7251	475.45679
690.742	476.02264
690.75885	477.08878
690.7757	479.53375
690.7926	482.97495
690.80945	487.65884
690.82629	491.20401
690.8432	495.20444
690.86005	499.24344
690.87689	504.91306
690.89374	513.09027
690.91064	519.65131
690.92749	526.4873
690.94434	532.79926
690.96124	538.97656
690.97809	545.75885
690.99493	551.24969
691.01178	559.04248
691.02869	565.34473
691.04553	571.70618
691.06238	581.46783
691.07928	591.05438
691.09613	603.53625
691.11298	617.14746
691.12982	636.63586
691.14673	656.9892
691.16357	685.1405
691.18042	706.87073
691.19733	732.89673
691.21417	761.8562
691.23102	800.33789
691.24786	847.99579
691.26477	907.06195
691.28162	978.87537
691.29846	1063.5662
691.31537	1165.8678
691.33221	1293.3481
691.34906	1447.802
691.36591	1618.8627
691.38281	1802.3616
691.39966	2007.4838
691.4165	2232.7151
691.43341	2481.9871
691.45026	2757.6853
691.4671	3054.1511
691.48401	3376.7261
691.50085	3727.2847
691.5177	4106.7988
691.53455	4517.6279
691.55145	4970.5068
691.5683	5473.9355
691.58514	6033.2769
691.60205	6679.0015
691.6189	7424.7461
691.63574	8234.5332
691.65259	9084.7939
691.66949	10055.113
691.68634	11122.471
691.70319	12211.015
691.72009	13296.809
691.73694	14290.716
691.75378	15209.877
691.77063	16073.75
691.78754	16864.682
691.80438	17586.979
691.82123	18224.607
691.83813	18560.139
691.85498	18546.969
691.87183	18367.482
691.88867	18075.174
691.90558	17573.01
691.92242	16813.279
691.93927	15979.199
691.95618	15029.131
691.97302	13936.364
691.98987	12920.352
692.00677	11996.18
692.02362	11120.149
692.04047	10298.55
692.05731	9527.1123
692.07422	8805.1299
692.09106	8141.313
692.10791	7531.5493
692.12482	6978.3838
692.14166	6483.0859
692.15851	6050.5752
692.17535	5652.373
692.19226	5286.4038
692.20911	4950.5928
692.22595	4638.5117
692.24286	4372.8618
692.2597	4156.2524
692.27655	3970.47
692.2934	3812.2285
692.3103	3669.8691
692.32715	3533.6809
692.34399	3424.9001
692.3609	3332.3914
692.37775	3253.8865
692.39459	3183.595
692.41144	3124.9849
692.42834	3080.4507
692.44519	3050.4661
692.46204	3034.2563
692.47894	3028.6509
692.49579	3032.2932
692.51263	3048.0757
692.52954	3077.0693
692.54639	3121.4763
692.56323	3175.6367
692.58008	3244.7263
692.59698	3325.074
692.61383	3423.624
692.63068	3540.9546
692.64758	3664.3157
692.66443	3803.6101
692.68127	3954.5088
692.69812	4128.959
692.71503	4319.6841
692.73187	4525.3423
692.74872	4754.2983
692.76563	5005.457
692.78247	5288.3159
692.79932	5591.916
692.81616	5930.6079
692.83307	6293.8857
692.84991	6693.6626
692.86676	7126.6885
692.88367	7601.6436
692.90051	8141.9795
692.91736	8701.0684
692.9342	9319.1758
692.95111	9983.1777
692.96796	10720.393
692.9848	11557.876
693.00171	12496.97
693.01855	13418.5
693.0354	14438.043
693.05225	15503.052
693.06915	16639.65
693.086	17822.152
693.10284	19055.207
693.11975	20309.453
693.1366	21670.338
693.15344	23056.088
693.17035	24412.219
693.18719	25682.945
693.20404	26680.287
693.22089	27513.064
693.23779	28141.236
693.25464	28950.729
693.27148	29132.695
693.28839	29238.703
693.30524	29148.09
693.32208	28787.105
693.33893	28210.365
693.35583	27314.645
693.37268	26371.355
693.38953	25396.824
693.40643	24338.238
693.42328	23193.76
693.44012	22026.91
693.45697	20851.359
693.47388	19689.795
693.49072	18580.514
693.50757	17527.734
693.52448	16488.049
693.54132	15461.563
693.55817	14451.419
693.57501	13493.731
693.59192	12575.619
693.60876	11696.259
693.62561	10867.515
693.64252	10075.091
693.65936	9442.5469
693.67621	8945.9844
693.69312	8395.5693
693.70996	7855.8535
693.72681	7336.1455
693.74365	6858.9072
693.76056	6441.9141
693.7774	6063.9946
693.79425	5716.2451
693.81116	5396.2568
693.828	5103.7305
693.84485	4825.7881
693.86169	4574.9736
693.8786	4302.9204
693.89545	4062.2476
693.91229	3831.0247
693.9292	3610.439
693.94604	3400.8345
693.96289	3202.7512
693.97974	3015.7324
693.99664	2838.7107
694.01349	2669.2881
694.03033	2510.0684
694.04724	2359.6333
694.06409	2216.1794
694.08093	2077.4912
694.09778	1944.5851
694.11469	1815.417
694.13153	1696.916
694.14838	1586.3652
694.16528	1485.7643
694.18213	1392.6672
694.19897	1306.6764
694.21588	1228.7618
694.23273	1159.7343
694.24957	1096.6337
694.26642	1040.4117
694.28333	991.78198
694.30017	949.08105
694.31702	913.01898
694.33392	880.13312
694.35077	847.45648
694.36761	813.19891
694.38446	786.66858
694.40137	768.45184
694.41821	753.16541
694.43506	739.60992
694.45197	727.5224
694.46881	708.59802
694.48566	689.99371
694.5025	676.44354
694.51941	664.44202
694.53625	653.47302
694.5531	644.73505
694.57001	637.05511
694.58685	629.45941
694.6037	622.4295
694.62054	616.13922
694.63745	610.83923
694.6543	605.75024
694.67114	600.38916
694.68805	594.88477
694.7049	590.11639
694.72174	585.51788
694.73865	580.41742
694.75549	575.14026
694.77234	569.16559
694.78918	563.34552
694.80609	558.69373
694.82294	555.00726
694.83978	551.63525
694.85669	547.53412
694.87354	542.36737
694.89038	536.86017
694.90723	531.69501
694.92413	526.77716
694.94098	522.25696
694.95782	518.27893
694.97473	515.29169
694.99158	513.02185
695.00842	510.49399
695.02527	508.15744
695.04218	506.18329
695.05902	505.26514
695.07587	505.42288
695.09277	505.40573
695.10962	505.83188
695.12646	506.81992
695.14331	507.46805
695.16022	507.86002
695.17706	507.75751
695.19391	506.08838
695.21082	502.67892
695.22766	498.67676
695.24451	494.3208
695.26135	489.68631
695.27826	485.70358
695.2951	482.03256
695.31195	478.74762
695.32886	476.11459
695.3457	474.52197
695.36255	474.01205
695.37946	473.87436
695.3963	473.2337
695.41315	471.93799
695.42999	470.49832
695.4469	468.63992
695.46375	466.94653
695.48059	464.71451
695.4975	462.03821
695.51434	459.46924
695.53119	457.17627
695.54803	455.03229
695.56494	452.80722
695.58179	451.74048
695.59863	452.27759
695.61554	453.94833
695.63239	456.08749
695.64923	458.07397
695.66608	459.52704
695.68298	461.20041
695.69983	462.71042
695.71667	463.38013
695.73358	463.08685
695.75043	461.37878
695.76727	459.27521
695.78412	456.69388
695.80103	453.57385
695.81787	451.14252
695.83472	449.57693
695.85162	448.44901
695.86847	446.7879
695.88531	444.60938
695.90222	443.92502
695.91907	444.47482
695.93591	444.75525
695.95276	444.85019
695.96967	445.13174
695.98651	445.60764
696.00336	446.23334
696.02026	446.47488
696.03711	446.79193
696.05396	446.16391
696.0708	445.18692
696.08771	443.61786
696.10455	441.4642
696.1214	439.50998
696.13831	437.83719
696.15515	437.151
696.172	436.00885
696.18884	434.98984
696.20575	434.67932
696.2226	435.69424
696.23944	437.67715
696.25635	439.52115
696.27319	442.09802
696.29004	445.14273
696.30688	447.28836
696.32379	448.75418
696.34064	449.14551
696.35748	448.28625
696.37439	447.64453
696.39124	446.82846
696.40808	446.16199
696.42499	445.24155
696.44183	443.61792
696.45868	442.48276
696.47552	441.74036
696.49243	441.11469
696.50928	440.729
696.52612	441.34177
696.54303	441.68448
696.55988	442.13681
696.57672	442.98703
696.59357	444.21503
696.61047	445.75693
696.62732	447.19012
696.64417	447.99731
696.66107	448.02145
696.67792	446.85684
696.69476	445.50867
696.71161	444.44699
696.72852	442.61749
696.74536	440.31061
696.76221	437.9993
696.77911	435.8699
696.79596	434.63803
696.81281	433.29251
696.82965	432.54492
696.84656	432.65561
696.8634	433.76721
696.88025	436.5791
696.89716	438.3533
696.914	440.00851
696.93085	442.09628
696.94775	444.75143
696.9646	447.20404
696.98145	448.64929
696.99829	449.92911
697.0152	450.03778
697.03204	448.87766
697.04889	446.85062
697.0658	443.86157
697.08264	440.49008
697.09949	438.09418
697.11633	435.75555
697.13324	433.31027
697.15009	431.69122
697.16693	430.80966
697.18384	430.82858
697.20068	430.28558
697.21753	430.52884
697.23438	432.06512
697.25128	434.18866
697.26813	437.1044
697.28497	440.64746
697.30188	442.81412
697.31873	444.91702
697.33557	445.9267
697.35242	446.36816
697.36932	446.62683
697.38617	446.07455
697.40302	444.19971
697.41992	442.20734
697.43677	441.02985
697.45361	438.31686
697.47046	436.29581
697.48737	436.10001
697.50421	435.25565
697.52106	435.23645
697.53796	432.73672
697.55481	430.88242
697.57166	430.10199
697.58856	430.53436
697.60541	430.06259
697.62225	430.54086
697.6391	430.5867
697.65601	431.5679
697.67285	432.01379
697.6897	433.75058
697.7066	432.94482
697.72345	431.74551
697.7403	430.42715
697.75714	428.7319
697.77405	423.30463
697.79089	426.67688
697.80774	431.65906
697.82465	434.08798
697.84149	435.63324
697.85834	437.57068
697.87518	439.14142
697.89209	441.0181
697.90894	437.95813
697.92578	436.14053
697.94269	434.52277
697.95953	434.55179
697.97638	436.12296
697.99323	437.12646
698.01013	437.46558
698.02698	437.30768
698.04382	436.58289
698.06073	435.29837
698.07758	434.44409
698.09442	434.0007
698.11133	433.33289
698.12817	433.47253
698.14502	433.53638
698.16187	433.63443
698.17877	433.89865
698.19562	433.66977
698.21246	432.61255
698.22937	432.01279
698.24622	431.5585
698.26306	431.6922
698.27991	431.509
698.29681	432.20755
698.31366	432.55206
698.33051	432.17551
698.34741	431.43478
698.36426	429.03781
698.3811	426.95184
698.39795	424.31503
698.41486	423.62683
698.4317	424.36179
698.44855	424.10883
698.46545	424.0437
698.4823	425.13324
698.49915	425.05609
698.51599	424.77298
698.5329	423.65631
698.54974	422.9921
698.56659	423.88599
698.5835	424.39313
698.60034	426.33762
698.61719	428.50925
698.63409	429.64923
698.65094	430.55112
698.66779	430.53387
698.68463	430.89865
698.70154	431.10056
698.71838	432.09055
698.73523	433.39844
698.75214	434.15311
698.76898	435.03894
698.78583	436.58813
698.80267	436.46835
698.81958	435.50946
698.83643	432.65417
698.85327	429.36584
698.87018	426.86682
698.88702	425.08026
698.90387	424.02347
698.92072	422.1687
698.93762	420.99634
698.95447	420.98947
698.97131	420.33951
698.98822	419.51678
699.00507	419.23026
699.02191	419.64441
699.03876	421.30429
699.05566	424.20724
699.07251	425.21716
699.08936	426.44711
699.10626	427.62488
699.12311	427.81113
699.13995	427.92041
699.1568	428.5188
699.17371	429.82864
699.19055	430.33688
699.2074	430.94263
699.2243	430.56714
699.24115	430.14713
699.258	428.83908
699.2749	428.58707
699.29175	427.82944
699.30859	427.60672
699.32544	425.70319
699.34235	424.81876
699.35919	424.10895
699.37604	422.34531
699.39294	418.28537
699.40979	415.43188
699.42664	411.84482
699.44348	410.24713
699.46039	410.96729
699.47723	413.23404
699.49408	417.28448
699.51099	421.26822
699.52783	425.53647
699.54468	430.00378
699.56152	436.91431
699.57843	440.48907
699.59528	442.62897
699.61212	443.36813
699.62903	443.82578
699.64587	443.39124
699.66272	439.46396
699.67957	435.87408
699.69647	433.31628
699.71332	431.83075
699.73016	430.71399
699.74707	429.86368
699.76392	429.3028
699.78076	428.08582
699.79767	427.85019
699.81451	429.93909
699.83136	430.83414
699.84821	434.30524
699.86511	437.98328
699.88196	441.47675
699.8988	443.54846
699.91571	444.08875
699.93256	443.98987
699.9494	444.52014
699.96625	444.6004
699.98315	444.10278
700	442.32462
700.01685	439.49051
700.03375	437.06937
700.0506	433.2767
700.06744	430.17026
700.08429	427.58188
700.1012	425.08838
700.11804	423.83603
700.13489	424.04135
700.15179	424.86258
700.16864	424.98856
700.18549	426.49521
700.20233	428.69556
700.21924	430.01199
700.23608	431.08359
700.25293	433.08249
700.26984	434.77182
700.28668	435.05624
700.30353	434.49109
700.32043	433.70511
700.33728	432.72653
700.35413	431.92773
700.37097	430.51285
700.38788	428.97327
700.40472	428.7085
700.42157	428.93454
700.43848	428.12714
700.45532	428.19388
700.47217	427.84402
700.48901	428.07178
700.50592	427.22214
700.52277	427.46094
700.53961	428.83679
700.55652	430.52673
700.57336	432.55243
700.59021	433.21152
700.60706	433.20404
700.62396	433.54257
700.64081	434.52405
700.65765	435.64865
700.67456	436.92563
700.69141	438.52597
700.70825	438.88062
700.7251	440.49292
700.742	441.95026
700.75885	443.44586
700.7757	445.78506
700.7926	446.80344
700.80945	447.84735
700.82629	448.94592
700.8432	450.53937
700.86005	450.32205
700.87689	450.26807
700.89374	447.18607
700.91064	441.81345
700.92749	438.77359
700.94434	435.37805
700.96124	434.70471
700.97809	435.51636
700.99493	437.08984
701.01178	437.08209
701.02869	436.18768
701.04553	434.36041
701.06238	428.87375
701.07928	428.85034
701.09613	434.69388
701.11298	436.49481
701.12982	433.88757
701.14673	432.41345
701.16357	430.91898
701.18042	429.16553
701.19733	428.07806
701.21417	427.069
701.23102	426.88098
701.24786	426.72827
701.26477	427.62396
701.28162	428.81958
701.29846	431.27512
701.31537	434.31522
701.33221	436.74106
701.34906	437.92633
701.36591	437.61136
701.38281	437.327
701.39966	438.29361
701.4165	438.4696
701.43341	437.3537
701.45026	434.16901
701.4671	431.62036
701.48401	430.45938
701.50085	429.41348
701.5177	428.34357
701.53455	427.80188
701.55145	428.23047
701.5683	428.74271
701.58514	430.74817
701.60205	435.38907
701.6189	437.52176
701.63574	438.52777
701.65259	439.08832
701.66949	439.17627
701.68634	438.8345
701.70319	437.57764
701.72009	435.30515
701.73694	435.00439
701.75378	435.0144
701.77063	434.77307
701.78754	434.24191
701.80438	434.3381
701.82123	436.46231
701.83813	436.10138
701.85498	434.47021
701.87183	434.14017
701.88867	434.45035
701.90558	434.10043
701.92242	434.08615
701.93927	433.37488
701.95618	432.51212
701.97302	431.78134
701.98987	430.82428
702.00677	430.17868
702.02362	430.11649
702.04047	430.15244
702.05731	430.33087
702.07422	431.35242
702.09106	431.28046
702.10791	430.02682
702.12482	429.27802
702.14166	428.75513
702.15851	428.53848
702.17535	428.23047
702.19226	428.40179
702.20911	429.05722
702.22595	429.04111
702.24286	429.11044
702.2597	429.91519
702.27655	430.64059
702.2934	431.64703
702.3103	433.27277
702.32715	434.80801
702.34399	436.52213
702.3609	438.7803
702.37775	441.47159
702.39459	443.98535
702.41144	447.00998
702.42834	448.75409
702.44519	448.99155
702.46204	449.32852
702.47894	448.83545
702.49579	447.46216
702.51263	445.75006
702.52954	444.26254
702.54639	442.35333
702.56323	439.71112
702.58008	437.8811
702.59698	436.29257
702.61383	436.16925
702.63068	437.09973
702.64758	437.8598
702.66443	439.34143
702.68127	440.40448
702.69812	442.30563
702.71503	442.03329
702.73187	440.06992
702.74872	437.03867
702.76563	433.38065
702.78247	436.96399
702.79932	440.74826
702.81616	444.35834
702.83307	447.58914
702.84991	448.17963
702.86676	446.22119
702.88367	445.56818
702.90051	445.16379
702.91736	445.02881
702.9342	444.34848
702.95111	443.76862
702.96796	442.0473
702.9848	440.38992
703.00171	438.6796
703.01855	436.54495
703.0354	433.75134
703.05225	431.12488
703.06915	428.81226
703.086	426.4761
703.10284	425.09644
703.11975	424.31693
703.1366	423.48474
703.15344	423.33182
703.17035	423.77515
703.18719	425.05515
703.20404	426.84503
703.22089	429.34933
703.23779	432.06918
703.25464	434.32199
703.27148	436.14426
703.28839	436.90881
703.30524	437.25613
703.32208	437.3725
703.33893	436.47339
703.35583	434.55981
703.37268	432.1355
703.38953	430.07489
703.40643	427.65723
703.42328	425.75919
703.44012	424.55249
703.45697	423.31375
703.47388	422.44174
703.49072	422.01031
703.50757	421.89624
703.52448	422.53906
703.54132	423.21225
703.55817	424.38708
703.57501	425.83615
703.59192	427.49628
703.60876	429.08176
703.62561	430.02988
703.64252	431.14438
703.65936	432.07956
703.67621	433.29523
703.69312	435.21442
703.70996	437.02771
703.72681	438.97571
703.74365	440.59653
703.76056	441.46802
703.7774	442.02594
703.79425	442.33673
703.81116	442.36514
703.828	441.80255
703.84485	440.72922
703.86169	439.36795
703.8786	438.28766
703.89545	437.98547
703.91229	437.5065
703.9292	437.13333
703.94604	437.21442
703.96289	438.01404
703.97974	439.28796
703.99664	441.04456
704.01349	443.53781
704.03033	445.94394
704.04724	447.72192
704.06409	448.86786
704.08093	448.85022
704.09778	448.65308
704.11469	448.57758
704.13153	447.68005
704.14838	446.13361
704.16528	444.12814
704.18213	443.09903
704.19897	442.55029
704.21588	441.7496
704.23273	441.27933
704.24957	441.65149
704.26642	442.21393
704.28333	443.80338
704.30017	445.54807
704.31702	446.47849
704.33392	447.74332
704.35077	448.46735
704.36761	447.76715
704.38446	447.24194
704.40137	446.63647
704.41821	445.22705
704.43506	443.29626
704.45197	441.69055
704.46881	440.17746
704.48566	439.16663
704.5025	439.01166
704.51941	439.25043
704.53625	440.07861
704.5531	440.9505
704.57001	442.57889
704.58685	444.61066
704.6037	446.09338
704.62054	447.50336
704.63745	448.83401
704.6543	449.98212
704.67114	451.08215
704.68805	450.77908
704.7049	449.26535
704.72174	448.54959
704.73865	447.62164
704.75549	447.06436
704.77234	446.87332
704.78918	447.19525
704.80609	447.35336
704.82294	447.60327
704.83978	447.49255
704.85669	447.61639
704.87354	447.79041
704.89038	448.53369
704.90723	448.1525
704.92413	448.60587
704.94098	448.77258
704.95782	447.47787
704.97473	446.26651
704.99158	444.3912
705.00842	443.3161
705.02527	442.78329
705.04218	443.91968
705.05902	444.4953
705.07587	444.23007
705.09277	444.78003
705.10962	446.71332
705.12646	448.65292
705.14331	450.27701
705.16022	452.61917
705.17706	454.39206
705.19391	456.573
705.21082	457.36505
705.22766	458.48105
705.24451	457.93219
705.26135	457.72269
705.27826	456.19693
705.2951	455.08411
705.31195	454.31421
705.32886	454.58667
705.3457	454.76691
705.36255	454.6795
705.37946	453.7326
705.3963	451.07797
705.41315	448.75516
705.42999	446.71277
705.4469	445.58838
705.46375	445.1387
705.48059	444.82953
705.4975	445.01788
705.51434	443.95236
705.53119	441.35852
705.54803	438.9407
705.56494	437.99933
705.58179	437.09595
705.59863	438.37347
705.61554	438.70731
705.63239	439.36542
705.64923	440.64499
705.66608	442.67914
705.68298	444.09772
705.69983	444.77722
705.71667	444.3237
705.73358	443.74658
705.75043	443.94824
705.76727	445.27872
705.78412	445.63867
705.80103	445.38644
705.81787	445.46579
705.83472	445.20242
705.85162	445.46994
705.86847	446.1741
705.88531	448.37772
705.90222	451.43045
705.91907	454.34637
705.93591	457.05243
705.95276	458.80099
705.96967	461.39233
705.98651	463.11661
706.00336	464.01712
706.02026	463.92871
706.03711	463.32175
706.05396	462.96933
706.0708	463.66257
706.08771	464.31079
706.10455	464.65973
706.1214	464.14584
706.13831	463.89316
706.15515	462.99255
706.172	462.00336
706.18884	461.8356
706.20575	462.66302
706.2226	463.5307
706.23944	464.41983
706.25635	465.07312
706.27319	465.41656
706.29004	465.0304
706.30688	464.12039
706.32379	463.54791
706.34064	462.55777
706.35748	461.15771
706.37439	459.56458
706.39124	458.50687
706.40808	458.064
706.42499	457.20828
706.44183	455.82559
706.45868	454.4751
706.47552	452.97742
706.49243	451.50082
706.50928	450.94867
706.52612	451.13455
706.54303	451.35281
706.55988	451.54947
706.57672	452.20227
706.59357	453.71869
706.61047	456.29877
706.62732	458.42667
706.64417	460.34198
706.66107	461.50909
706.67792	461.59689
706.69476	460.89218
706.71161	459.47754
706.72852	458.17426
706.74536	456.71017
706.76221	455.55133
706.77911	455.23483
706.79596	455.7066
706.81281	457.61414
706.82965	460.19336
706.84656	462.54526
706.8634	464.68417
706.88025	466.30753
706.89716	468.69424
706.914	472.01215
706.93085	474.49255
706.94775	475.18399
706.9646	475.23062
706.98145	474.55124
706.99829	472.94037
707.0152	469.41043
707.03204	465.96228
707.04889	463.47192
707.0658	461.02231
707.08264	458.72632
707.09949	457.12805
707.11633	456.37485
707.13324	456.53653
707.15009	457.48315
707.16693	458.5983
707.18384	459.43369
707.20068	462.46277
707.21753	463.81439
707.23438	463.78543
707.25128	463.46567
707.26813	461.39102
707.28497	457.49103
707.30188	456.27371
707.31873	455.63443
707.33557	456.67929
707.35242	458.25217
707.36932	462.24011
707.38617	467.02271
707.40302	469.67825
707.41992	469.26266
707.43677	464.14401
707.45361	459.7066
707.47046	454.75079
707.48737	451.41138
707.50421	448.84558
707.52106	446.59338
707.53796	444.60132
707.55481	442.93253
707.57166	441.9184
707.58856	440.89093
707.60541	441.27228
707.62225	442.07813
707.6391	443.14673
707.65601	444.36609
707.67285	446.10056
707.6897	446.29037
707.7066	445.90042
707.72345	442.77991
707.7403	442.09042
707.75714	441.1918
707.77405	440.4921
707.79089	440.57709
707.80774	440.0459
707.82465	440.60886
707.84149	441.15247
707.85834	442.45139
707.87518	444.61884
707.89209	447.02048
707.90894	448.95428
707.92578	449.5332
707.94269	451.20023
707.95953	452.92944
707.97638	454.60205
707.99323	456.24261
708.01013	457.34006
708.02698	457.43091
708.04382	456.99689
708.06073	456.95471
708.07758	455.8418
708.09442	454.15607
708.11133	451.52695
708.12817	448.25128
708.14502	444.78586
708.16187	441.3378
708.17877	437.30807
708.19562	433.97757
708.21246	431.91745
708.22937	430.76355
708.24622	429.83536
708.26306	429.46097
708.27991	430.25204
708.29681	432.17471
708.31366	434.55746
708.33051	436.24896
708.34741	437.70654
708.36426	439.15601
708.3811	440.82425
708.39795	442.16949
708.41486	441.97568
708.4317	440.79996
708.44855	438.95346
708.46545	436.35358
708.4823	434.6261
708.49915	433.73087
708.51599	432.91776
708.5329	432.5116
708.54974	432.30737
708.56659	431.7811
708.5835	430.92578
708.60034	430.20209
708.61719	429.76236
708.63409	429.78323
708.65094	430.44473
708.66779	430.6803
708.68463	430.03296
708.70154	429.30661
708.71838	428.84854
708.73523	427.23447
708.75214	425.03223
708.76898	425.10464
708.78583	426.61383
708.80267	429.22913
708.81958	432.50156
708.83643	435.94656
708.85327	439.60184
708.87018	442.14105
708.88702	442.02594
708.90387	437.08734
708.92072	432.44815
708.93762	425.87091
708.95447	421.80963
708.97131	427.43704
708.98822	433.22247
709.00507	431.55188
709.02191	430.17468
709.03876	428.79385
709.05566	428.3493
709.07251	427.26199
709.08936	427.2988
709.10626	427.66144
709.12311	428.41766
709.13995	428.88547
709.1568	429.74918
709.17371	430.2955
709.19055	429.73901
709.2074	429.2933
709.2243	429.77371
709.24115	430.75885
709.258	431.7316
709.2749	430.24219
709.29175	430.05524
709.30859	429.88776
709.32544	428.67502
709.34235	427.76566
709.35919	427.42041
709.37604	427.65372
709.39294	431.6235
709.40979	432.47391
709.42664	435.91434
709.44348	436.59238
709.46039	437.14178
709.47723	435.93637
709.49408	435.6835
709.51099	434.63345
709.52783	433.82446
709.54468	433.94363
709.56152	432.85684
709.57843	430.88712
709.59528	428.18799
709.61212	425.69763
709.62903	424.63129
709.64587	425.90097
709.66272	425.47131
709.67957	425.68015
709.69647	424.29239
709.71332	422.5759
709.73016	421.5946
709.74707	420.62656
709.76392	419.74081
709.78076	418.74796
709.79767	417.87653
709.81451	417.14505
709.83136	416.50284
709.84821	415.24582
709.86511	414.42365
709.88196	414.15308
709.8988	415.76953
709.91571	419.95169
709.93256	421.20728
709.9494	421.78928
709.96625	421.69806
709.98315	420.8775
710	419.59695
