690	1203.0209
690.01685	1204.5098
690.03375	1205.3761
690.0506	1204.5441
690.06744	1202.7068
690.08429	1201.3883
690.1012	1199.7841
690.11804	1197.9064
690.13489	1195.9907
690.15179	1194.1257
690.16864	1192.7004
690.18549	1191.6298
690.20233	1191.0693
690.21924	1190.9652
690.23608	1191.134
690.25293	1191.3232
690.26984	1191.5613
690.28668	1191.816
690.30353	1192.1173
690.32043	1192.4845
690.33728	1192.9432
690.35413	1193.5038
690.37097	1194.2346
690.38788	1194.9437
690.40472	1196.1533
690.42157	1197.52
690.43848	1198.762
690.45532	1199.8346
690.47217	1200.634
690.48901	1200.8384
690.50592	1198.6024
690.52277	1196.5756
690.53961	1195.0037
690.55652	1194.3373
690.57336	1194.1344
690.59021	1193.754
690.60706	1193.2722
690.62396	1192.498
690.64081	1191.1958
690.65765	1189.7642
690.67456	1190.0667
690.69141	1191.746
690.70825	1193.2292
690.7251	1194.4135
690.742	1195.085
690.75885	1195.546
690.7757	1196.0135
690.7926	1195.9508
690.80945	1195.5186
690.82629	1195.3744
690.8432	1195.345
690.86005	1195.5701
690.87689	1196.0725
690.89374	1197.0425
690.91064	1197.4038
690.92749	1197.5697
690.94434	1197.5861
690.96124	1198.519
690.97809	1199.8016
690.99493	1201.7505
691.01178	1203.7606
691.02869	1205.6312
691.04553	1206.816
691.06238	1208.2211
691.07928	1209.6182
691.09613	1210.8143
691.11298	1211.7247
691.12982	1212.2493
691.14673	1212.2977
691.16357	1211.6178
691.18042	1210.5964
691.19733	1209.3405
691.21417	1207.801
691.23102	1206.3337
691.24786	1205.2415
691.26477	1205.2506
691.28162	1206.3224
691.29846	1209.9702
691.31537	1211.4456
691.33221	1211.1514
691.34906	1210.1425
691.36591	1209.3066
691.38281	1208.9517
691.39966	1208.7498
691.4165	1208.698
691.43341	1208.5909
691.45026	1208.3043
691.4671	1207.8732
691.48401	1207.3862
691.50085	1206.8523
691.5177	1206.243
691.53455	1205.4435
691.55145	1204.5604
691.5683	1203.8059
691.58514	1203.2628
691.60205	1202.8833
691.6189	1202.1088
691.63574	1200.4938
691.65259	1198.3871
691.66949	1196.4185
691.68634	1194.9178
691.70319	1193.9058
691.72009	1193.2786
691.73694	1193.1302
691.75378	1193.7271
691.77063	1195.0941
691.78754	1197.1421
691.80438	1199.5098
691.82123	1201.8971
691.83813	1203.4379
691.85498	1203.6947
691.87183	1203.2461
691.88867	1202.4104
691.90558	1201.2963
691.92242	1200.1055
691.93927	1198.996
691.95618	1197.8843
691.97302	1196.8372
691.98987	1195.9695
692.00677	1195.3298
692.02362	1194.972
692.04047	1194.8936
692.05731	1195.1577
692.07422	1196.2086
692.09106	1198.3644
692.10791	1200.8864
692.12482	1202.6219
692.14166	1203.2502
692.15851	1203.6285
692.17535	1203.8727
692.19226	1204.426
692.20911	1205.9609
692.22595	1207.917
692.24286	1209.7178
692.2597	1211.25
692.27655	1212.3108
692.2934	1212.7966
692.3103	1213.1702
692.32715	1213.438
692.34399	1213.6182
692.3609	1213.7598
692.37775	1213.9286
692.39459	1214.3041
692.41144	1215.0073
692.42834	1215.8063
692.44519	1216.6965
692.46204	1217.5552
692.47894	1218.3412
692.49579	1219.0042
692.51263	1219.5221
692.52954	1219.7516
692.54639	1219.5952
692.56323	1219.0682
692.58008	1218.2195
692.59698	1217.0341
692.61383	1215.522
692.63068	1213.7535
692.64758	1211.8502
692.66443	1210.0477
692.68127	1208.458
692.69812	1207.0455
692.71503	1205.8755
692.73187	1205.0193
692.74872	1203.4604
692.76563	1206.0369
692.78247	1211.0298
692.79932	1215.3341
692.81616	1218.9633
692.83307	1221.3483
692.84991	1222.5004
692.86676	1222.9365
692.88367	1222.5435
692.90051	1221.1899
692.91736	1219.1328
692.9342	1216.7159
692.95111	1214.484
692.96796	1212.494
692.9848	1212.0616
693.00171	1216.1281
693.01855	1218.0509
693.0354	1220.5759
693.05225	1223.22
693.06915	1225.949
693.086	1229.2336
693.10284	1232.5885
693.11975	1235.3998
693.1366	1236.7095
693.15344	1237.1698
693.17035	1237.3018
693.18719	1237.2036
693.20404	1237.2416
693.22089	1237.4974
693.23779	1237.9246
693.25464	1238.6779
693.27148	1240.0903
693.28839	1241.8058
693.30524	1244.2039
693.32208	1247.1404
693.33893	1250.7852
693.35583	1254.6587
693.37268	1258.5696
693.38953	1262.6422
693.40643	1266.167
693.42328	1269.2286
693.44012	1271.7009
693.45697	1274.1686
693.47388	1276.7659
693.49072	1279.5348
693.50757	1282.5496
693.52448	1285.8151
693.54132	1289.4072
693.55817	1293.2296
693.57501	1297.4126
693.59192	1301.9033
693.60876	1306.6191
693.62561	1311.5387
693.64252	1316.6127
693.65936	1321.8289
693.67621	1327.0651
693.69312	1332.04
693.70996	1336.9768
693.72681	1342.0623
693.74365	1347.1067
693.76056	1351.8799
693.7774	1353.6566
693.79425	1358.55
693.81116	1365.9448
693.828	1374.5919
693.84485	1383.7163
693.86169	1392.9258
693.8786	1402.2467
693.89545	1411.3568
693.91229	1420.5767
693.9292	1429.9005
693.94604	1438.7545
693.96289	1446.9856
693.97974	1452.299
693.99664	1459.5343
694.01349	1468.5955
694.03033	1478.636
694.04724	1489.4413
694.06409	1501.2256
694.08093	1514.0833
694.09778	1528.0026
694.11469	1543.0111
694.13153	1559.0404
694.14838	1576.1886
694.16528	1594.4418
694.18213	1613.8608
694.19897	1634.5381
694.21588	1656.4125
694.23273	1679.4735
694.24957	1703.7671
694.26642	1729.0776
694.28333	1755.4135
694.30017	1782.5925
694.31702	1810.4329
694.33392	1839.0367
694.35077	1868.2629
694.36761	1898.5845
694.38446	1930.8711
694.40137	1967.0491
694.41821	2006.3738
694.43506	2046.6678
694.45197	2087.8328
694.46881	2129.8843
694.48566	2173.9387
694.5025	2219.427
694.51941	2264.7227
694.53625	2309.6116
694.5531	2353.6714
694.57001	2396.6279
694.58685	2438.2993
694.6037	2478.3789
694.62054	2515.9763
694.63745	2552.1655
694.6543	2586.9021
694.67114	2618.1963
694.68805	2645.9626
694.7049	2671.3953
694.72174	2695.3601
694.73865	2718.5269
694.75549	2741.0039
694.77234	2763.6108
694.78918	2786.5037
694.80609	2807.3821
694.82294	2826.5928
694.83978	2845.9502
694.85669	2865.3965
694.87354	2884.8398
694.89038	2904.207
694.90723	2922.282
694.92413	2937.7002
694.94098	2949.8542
694.95782	2958.9028
694.97473	2963.1487
694.99158	2961.8662
695.00842	2957.0378
695.02527	2949.6001
695.04218	2940.0989
695.05902	2928.1899
695.07587	2913.8247
695.09277	2897.2197
695.10962	2878.9333
695.12646	2860.4348
695.14331	2843.3528
695.16022	2830.1462
695.17706	2822.2615
695.19391	2818.2041
695.21082	2816.8386
695.22766	2817.697
695.24451	2820.8386
695.26135	2825.7708
695.27826	2832.1526
695.2951	2840.5693
695.31195	2851.8503
695.32886	2866.085
695.3457	2882.363
695.36255	2900.0291
695.37946	2917.5393
695.3963	2933.533
695.41315	2947.2717
695.42999	2961.1052
695.4469	2975.8418
695.46375	2989.1033
695.48059	3002.936
695.4975	3022.0068
695.51434	3044.885
695.53119	3071.1804
695.54803	3099.6223
695.56494	3129.1931
695.58179	3160.877
695.59863	3192.9583
695.61554	3226.8066
695.63239	3267.7258
695.64923	3314.1667
695.66608	3365.3652
695.68298	3418.9561
695.69983	3473.145
695.71667	3528.6353
695.73358	3580.7292
695.75043	3623.7275
695.76727	3679.6284
695.78412	3805.9248
695.80103	3875.2742
695.81787	3908.1475
695.83472	3943.0139
695.85162	3986.6152
695.86847	4031.4895
695.88531	4075.1963
695.90222	4117.1226
695.91907	4163.9966
695.93591	4218.4111
695.95276	4275.3926
695.96967	4333.251
695.98651	4389.8271
696.00336	4451.7676
696.02026	4515.2305
696.03711	4580.3735
696.05396	4646.3071
696.0708	4713.3296
696.08771	4780.7866
696.10455	4866.8984
696.1214	4956.6846
696.13831	4977.2861
696.15515	4958.8364
696.172	4931.5977
696.18884	4991.5586
696.20575	5067.7949
696.2226	5118.8628
696.23944	5164.0981
696.25635	5198.4663
696.27319	5213.1514
696.29004	5247.2866
696.30688	5296.8638
696.32379	5337.4868
696.34064	5355.3716
696.35748	5340.8687
696.37439	5361.0015
696.39124	5379.0635
696.40808	5392.9805
696.42499	5402.3887
696.44183	5405.8652
696.45868	5402.731
696.47552	5391.6938
696.49243	5368.9155
696.50928	5340.3149
696.52612	5303.998
696.54303	5261.6855
696.55988	5213.5352
696.57672	5159.7451
696.59357	5099.5776
696.61047	5033.6035
696.62732	4962.2715
696.64417	4886.7554
696.66107	4801.5923
696.67792	4718.0581
696.69476	4634.1675
696.71161	4552.7026
696.72852	4473.4956
696.74536	4397.3179
696.76221	4326.1772
696.77911	4253.4395
696.79596	4184.5356
696.81281	4118.311
696.82965	4053.4141
696.84656	3989.7781
696.8634	3934.0476
696.88025	3871.908
696.89716	3805.8408
696.914	3735.7346
696.93085	3662.084
696.94775	3584.5608
696.9646	3500.7876
696.98145	3417.8403
696.99829	3334.7649
697.0152	3251.4333
697.03204	3167.8931
697.04889	3085.1072
697.0658	3004.5383
697.08264	2927.0825
697.09949	2852.4185
697.11633	2780.1194
697.13324	2712.2117
697.15009	2649.8298
697.16693	2590.8003
697.18384	2534.9644
697.20068	2478.1208
697.21753	2421.6008
697.23438	2365.4395
697.25128	2309.8582
697.26813	2254.8491
697.28497	2200.6042
697.30188	2146.9536
697.31873	2094.8516
697.33557	2044.5912
697.35242	1996.6312
697.36932	1950.3732
697.38617	1906.2858
697.40302	1864.2742
697.41992	1824.3798
697.43677	1786.5039
697.45361	1750.6112
697.47046	1717.0352
697.48737	1685.5458
697.50421	1656.6791
697.52106	1630.0258
697.53796	1605.8173
697.55481	1583.7731
697.57166	1563.701
697.58856	1545.4363
697.60541	1528.769
697.62225	1513.9056
697.6391	1500.7544
697.65601	1489.2301
697.67285	1478.8656
697.6897	1469.5321
697.7066	1461.2999
697.72345	1454.1954
697.7403	1447.4355
697.75714	1441.0385
697.77405	1434.9272
697.79089	1427.7002
697.80774	1422.381
697.82465	1421.7042
697.84149	1421.5153
697.85834	1420.9896
697.87518	1418.9023
697.89209	1415.6608
697.90894	1411.3687
697.92578	1406.0836
697.94269	1400.2565
697.95953	1394.8293
697.97638	1389.9856
697.99323	1385.4766
698.01013	1379.1891
698.02698	1372.3973
698.04382	1365.8164
698.06073	1360.0863
698.07758	1354.6715
698.09442	1349.5372
698.11133	1344.7869
698.12817	1340.4666
698.14502	1336.5614
698.16187	1333.1824
698.17877	1330.2882
698.19562	1327.7911
698.21246	1325.4828
698.22937	1323.2318
698.24622	1320.9768
698.26306	1318.5518
698.27991	1315.951
698.29681	1313.1002
698.31366	1310.0154
698.33051	1306.7476
698.34741	1303.8933
698.36426	1301.1471
698.3811	1298.4911
698.39795	1295.9216
698.41486	1291.9205
698.4317	1287.5027
698.44855	1283.2971
698.46545	1279.2936
698.4823	1275.637
698.49915	1272.476
698.51599	1269.6979
698.5329	1267.3615
698.54974	1265.4088
698.56659	1263.854
698.5835	1262.6788
698.60034	1261.8705
698.61719	1261.4037
698.63409	1261.2926
698.65094	1261.4608
698.66779	1262.3997
698.68463	1263.5336
698.70154	1264.7725
698.71838	1266.0417
698.73523	1266.6627
698.75214	1266.8756
698.76898	1267.0037
698.78583	1266.6328
698.80267	1266.0867
698.81958	1265.3042
698.83643	1264.2516
698.85327	1263.0371
698.87018	1261.5901
698.88702	1259.9622
698.90387	1258.1765
698.92072	1256.2361
698.93762	1254.1677
698.95447	1252.0327
698.97131	1249.7286
698.98822	1247.5269
699.00507	1245.0076
699.02191	1242.439
699.03876	1239.62
699.05566	1236.8171
699.07251	1234.0609
699.08936	1231.5527
699.10626	1229.8809
699.12311	1228.2229
699.13995	1226.8751
699.1568	1225.8944
699.17371	1225.3665
699.19055	1225.2291
699.2074	1225.5023
699.2243	1226.1763
699.24115	1227.3346
699.258	1228.8429
699.2749	1230.0277
699.29175	1230.4663
699.30859	1229.8295
699.32544	1229.0953
699.34235	1228.1494
699.35919	1226.9375
699.37604	1225.5115
699.39294	1224.1444
699.40979	1222.1749
699.42664	1220.071
699.44348	1218.022
699.46039	1216.2826
699.47723	1214.7344
699.49408	1214.1332
699.51099	1213.6869
699.52783	1213.415
699.54468	1213.8989
699.56152	1214.6249
699.57843	1215.4684
699.59528	1216.428
699.61212	1216.5637
699.62903	1216.0168
699.64587	1215.3939
699.66272	1214.6844
699.67957	1213.7201
699.69647	1212.7183
699.71332	1211.6844
699.73016	1210.6527
699.74707	1209.6345
699.76392	1208.6354
699.78076	1207.6505
699.79767	1206.6759
699.81451	1205.7362
699.83136	1204.8022
699.84821	1203.9138
699.86511	1203.035
699.88196	1202.198
699.8988	1201.3739
699.91571	1200.569
699.93256	1199.7668
699.9494	1196.7629
699.96625	1195.5538
699.98315	1196.2101
700	1197.63
700.01685	1199.2014
700.03375	1201.244
700.0506	1203.2312
700.06744	1205.2406
700.08429	1207.2301
700.1012	1208.8501
700.11804	1210.1531
700.13489	1211.1912
700.15179	1211.3007
700.16864	1210.781
700.18549	1210.1255
700.20233	1209.2048
700.21924	1208.057
700.23608	1207.222
700.25293	1206.9124
700.26984	1207.1277
700.28668	1206.86
700.30353	1206.4907
700.32043	1204.3217
700.33728	1202.335
700.35413	1200.8605
700.37097	1199.9709
700.38788	1200.3302
700.40472	1200.7245
700.42157	1201.3142
700.43848	1202.0349
700.45532	1202.809
700.47217	1203.045
700.48901	1202.6923
700.50592	1201.631
700.52277	1200.9889
700.53961	1200.1722
700.55652	1199.5444
700.57336	1199.0808
700.59021	1198.4032
700.60706	1197.4871
700.62396	1195.5472
700.64081	1193.4121
700.65765	1190.8337
700.67456	1187.2094
700.69141	1186.8872
700.70825	1187.5636
700.7251	1188.9679
700.742	1190.2593
700.75885	1192.3888
700.7757	1194.8608
700.7926	1197.2301
700.80945	1199.2854
700.82629	1200.1111
700.8432	1200.6019
700.86005	1200.2349
700.87689	1198.7424
700.89374	1195.2338
700.91064	1188.5935
700.92749	1183.7931
700.94434	1179.4341
700.96124	1175.7418
700.97809	1172.1782
700.99493	1169.0759
701.01178	1165.3524
701.02869	1163.5328
701.04553	1163.5242
701.06238	1164.3391
701.07928	1165.5765
701.09613	1168.4436
701.11298	1171.426
701.12982	1174.399
701.14673	1177.2932
701.16357	1179.6385
701.18042	1181.6398
701.19733	1183.2225
701.21417	1184.587
701.23102	1185.1846
701.24786	1185.6602
701.26477	1186.0054
701.28162	1186.3398
701.29846	1187.2427
701.31537	1188.3708
701.33221	1189.6697
701.34906	1190.9584
701.36591	1192.4706
701.38281	1194.2321
701.39966	1195.8126
701.4165	1196.7457
701.43341	1196.0774
701.45026	1194.5143
701.4671	1191.7303
701.48401	1188.8934
701.50085	1186.1854
701.5177	1184.1469
701.53455	1182.6085
701.55145	1181.5907
701.5683	1181.032
701.58514	1180.9337
701.60205	1181.2543
701.6189	1181.9592
701.63574	1183.057
701.65259	1184.515
701.66949	1186.3729
701.68634	1188.3942
701.70319	1189.835
701.72009	1189.0646
701.73694	1187.5697
701.75378	1186.5966
701.77063	1186.7899
701.78754	1187.6855
701.80438	1188.9768
701.82123	1190.252
701.83813	1191.2119
701.85498	1190.8949
701.87183	1189.3318
701.88867	1186.0519
701.90558	1184.7581
701.92242	1184.8488
701.93927	1189.3242
701.95618	1189.2726
701.97302	1189.0786
701.98987	1188.8485
702.00677	1188.6141
702.02362	1188.4673
702.04047	1187.9729
702.05731	1187.1011
702.07422	1186.1719
702.09106	1185.4807
702.10791	1185.835
702.12482	1186.9314
702.14166	1187.7604
702.15851	1188.2737
702.17535	1188.496
702.19226	1188.5957
702.20911	1188.6565
702.22595	1188.7081
702.24286	1188.7211
702.2597	1188.6804
702.27655	1188.4746
702.2934	1187.7028
702.3103	1186.5028
702.32715	1184.9745
702.34399	1183.5731
702.3609	1182.2532
702.37775	1181.1694
702.39459	1180.6279
702.41144	1180.5767
702.42834	1180.7169
702.44519	1181.0283
702.46204	1181.2054
702.47894	1180.3169
702.49579	1178.8346
702.51263	1177.6772
702.52954	1176.9403
702.54639	1177.0469
702.56323	1177.7273
702.58008	1178.7083
702.59698	1180.2375
702.61383	1182.4507
702.63068	1184.0581
702.64758	1183.4044
702.66443	1181.8795
702.68127	1179.6334
702.69812	1177.0543
702.71503	1174.2278
702.73187	1170.8822
702.74872	1168.4897
702.76563	1168.2042
702.78247	1169.1554
702.79932	1170.384
702.81616	1171.7196
702.83307	1172.8252
702.84991	1173.6919
702.86676	1174.4601
702.88367	1175.174
702.90051	1175.8298
702.91736	1176.4189
702.9342	1176.9321
702.95111	1177.3652
702.96796	1177.5277
702.9848	1177.2004
703.00171	1176.5278
703.01855	1175.535
703.0354	1174.4147
703.05225	1173.4155
703.06915	1172.6804
703.086	1172.1213
703.10284	1171.4327
703.11975	1171.1692
703.1366	1173.2882
703.15344	1178.4386
703.17035	1183.2015
703.18719	1186.4031
703.20404	1187.8156
703.22089	1188.236
703.23779	1187.7
703.25464	1186.4037
703.27148	1184.6786
703.28839	1182.6451
703.30524	1180.161
703.32208	1177.0934
703.33893	1173.6366
703.35583	1170.1056
703.37268	1166.6211
703.38953	1163.569
703.40643	1161.2209
703.42328	1161.2716
703.44012	1162.5262
703.45697	1162.2777
703.47388	1162.3705
703.49072	1162.535
703.50757	1162.6934
703.52448	1162.7965
703.54132	1162.7935
703.55817	1162.6958
703.57501	1162.5024
703.59192	1161.8833
703.60876	1160.8683
703.62561	1159.9625
703.64252	1159.3145
703.65936	1158.953
703.67621	1159.7356
703.69312	1161.8492
703.70996	1164.4131
703.72681	1167.0233
703.74365	1169.7065
703.76056	1171.7333
703.7774	1172.9503
703.79425	1173.8289
703.81116	1174.3866
703.828	1174.6801
703.84485	1174.7686
703.86169	1174.6965
703.8786	1174.4435
703.89545	1173.8937
703.91229	1173.1278
703.9292	1172.2914
703.94604	1171.4347
703.96289	1170.651
703.97974	1170.006
703.99664	1169.6531
704.01349	1169.7566
704.03033	1170.3459
704.04724	1171.3127
704.06409	1172.4536
704.08093	1173.124
704.09778	1172.0289
704.11469	1170.0913
704.13153	1168.3612
704.14838	1167.3135
704.16528	1166.7458
704.18213	1166.5667
704.19897	1166.8036
704.21588	1167.5188
704.23273	1168.6418
704.24957	1170.3912
704.26642	1172.7749
704.28333	1175.7312
704.30017	1179.0045
704.31702	1182.269
704.33392	1184.8671
704.35077	1186.4686
704.36761	1187.4315
704.38446	1187.4827
704.40137	1186.6859
704.41821	1184.6576
704.43506	1181.8201
704.45197	1178.2493
704.46881	1174.348
704.48566	1170.1361
704.5025	1166.1069
704.51941	1162.7775
704.53625	1160.3969
704.5531	1159.4554
704.57001	1159.7665
704.58685	1161.2141
704.6037	1163.4702
704.62054	1166.4906
704.63745	1170.1249
704.6543	1173.73
704.67114	1175.9468
704.68805	1165.478
704.7049	1163.0625
704.72174	1162.2882
704.73865	1161.2552
704.75549	1160.4688
704.77234	1160.0525
704.78918	1160.0244
704.80609	1160.9167
704.82294	1162.3285
704.83978	1164.8123
704.85669	1168.1443
704.87354	1175.0125
704.89038	1178.0746
704.90723	1178.9899
704.92413	1178.9298
704.94098	1178.7124
704.95782	1178.2709
704.97473	1177.3391
704.99158	1176.0242
705.00842	1174.2996
705.02527	1172.276
705.04218	1169.927
705.05902	1167.4425
705.07587	1165.0824
705.09277	1163.3907
705.10962	1164.4291
705.12646	1164.606
705.14331	1164.4465
705.16022	1163.1427
705.17706	1161.9171
705.19391	1160.7141
705.21082	1159.7532
705.22766	1159.0156
705.24451	1158.5304
705.26135	1158.295
705.27826	1158.4363
705.2951	1159.6846
705.31195	1161.1396
705.32886	1162.4965
705.3457	1163.4241
705.36255	1163.3126
705.37946	1163.0374
705.3963	1162.6968
705.41315	1162.3293
705.42999	1161.9297
705.4469	1161.5135
705.46375	1161.0837
705.48059	1160.6422
705.4975	1160.1644
705.51434	1159.6503
705.53119	1159.1136
705.54803	1158.4712
705.56494	1157.8043
705.58179	1157.026
705.59863	1156.6633
705.61554	1157.3279
705.63239	1158.4158
705.64923	1159.2666
705.66608	1159.4225
705.68298	1158.9066
705.69983	1158.2253
705.71667	1157.3623
705.73358	1156.3364
705.75043	1155.8496
705.76727	1155.8379
705.78412	1156.0779
705.80103	1156.6117
705.81787	1156.9097
705.83472	1156.9342
705.85162	1156.1859
705.86847	1154.8944
705.88531	1152.2948
705.90222	1151.4114
705.91907	1152.916
705.93591	1155.1421
705.95276	1157.8245
705.96967	1160.6802
705.98651	1163.0292
706.00336	1165.5465
706.02026	1167.7351
706.03711	1168.6323
706.05396	1166.6874
706.0708	1163.3025
706.08771	1158.0016
706.10455	1151.0416
706.1214	1144.5106
706.13831	1138.9543
706.15515	1134.6016
706.172	1131.697
706.18884	1129.9727
706.20575	1129.5972
706.2226	1130.1766
706.23944	1132.0052
706.25635	1135.1486
706.27319	1138.6259
706.29004	1141.481
706.30688	1143.6862
706.32379	1146.53
706.34064	1149.3693
706.35748	1152.2545
706.37439	1154.8285
706.39124	1157.0677
706.40808	1158.9401
706.42499	1160.1312
706.44183	1160.913
706.45868	1161.6708
706.47552	1162.1047
706.49243	1161.9821
706.50928	1160.972
706.52612	1159.1078
706.54303	1156.874
706.55988	1154.5443
706.57672	1152.0687
706.59357	1148.7714
706.61047	1143.9337
706.62732	1142.9258
706.64417	1150.3308
706.66107	1161.8362
706.67792	1168.5107
706.69476	1166.8744
706.71161	1153.6373
706.72852	1143.7194
706.74536	1143.0261
706.76221	1144.8759
706.77911	1147.7491
706.79596	1151.2844
706.81281	1154.9249
706.82965	1157.9436
706.84656	1158.9585
706.8634	1158.7045
706.88025	1157.9371
706.89716	1156.8256
706.914	1155.7457
706.93085	1154.6165
706.94775	1153.3076
706.9646	1151.7931
706.98145	1150.0834
706.99829	1147.9412
707.0152	1144.8373
707.03204	1142.1433
707.04889	1140.5966
707.0658	1139.5948
707.08264	1138.7766
707.09949	1138.2023
707.11633	1137.8167
707.13324	1137.8239
707.15009	1138.42
707.16693	1139.569
707.18384	1141.1852
707.20068	1143.2173
707.21753	1145.3763
707.23438	1147.5232
707.25128	1149.4276
707.26813	1150.7128
707.28497	1151.8124
707.30188	1152.1302
707.31873	1151.1826
707.33557	1146.473
707.35242	1141.5433
707.36932	1138.2891
707.38617	1135.2891
707.40302	1132.7297
707.41992	1130.7296
707.43677	1129.3157
707.45361	1128.3516
707.47046	1128.603
707.48737	1130.0096
707.50421	1132.0375
707.52106	1134.6545
707.53796	1137.4883
707.55481	1139.9288
707.57166	1141.7061
707.58856	1142.9272
707.60541	1143.3906
707.62225	1143.0859
707.6391	1142.3228
707.65601	1140.978
707.67285	1139.0658
707.6897	1136.5728
707.7066	1133.5193
707.72345	1130.4573
707.7403	1127.9684
707.75714	1126.8645
707.77405	1127.2581
707.79089	1128.5627
707.80774	1130.3596
707.82465	1132.4413
707.84149	1134.1403
707.85834	1135.9286
707.87518	1138.0441
707.89209	1140.1342
707.90894	1141.978
707.92578	1143.4574
707.94269	1144.4354
707.95953	1144.8831
707.97638	1144.5997
707.99323	1143.1511
708.01013	1141.5409
708.02698	1139.8311
708.04382	1138.3312
708.06073	1137.5808
708.07758	1136.9915
708.09442	1136.2083
708.11133	1135.4017
708.12817	1134.6022
708.14502	1134.2168
708.16187	1134.8015
708.17877	1135.9031
708.19562	1136.946
708.21246	1137.8955
708.22937	1138.4233
708.24622	1138.2051
708.26306	1137.7067
708.27991	1137.0286
708.29681	1136.2336
708.31366	1135.3977
708.33051	1134.7129
708.34741	1134.4347
708.36426	1134.5732
708.3811	1135.0422
708.39795	1135.7231
708.41486	1136.5416
708.4317	1137.488
708.44855	1138.6326
708.46545	1140.0632
708.4823	1141.993
708.49915	1144.3995
708.51599	1145.5474
708.5329	1144.6018
708.54974	1142.4525
708.56659	1139.3981
708.5835	1136.2775
708.60034	1133.3561
708.61719	1130.8572
708.63409	1129.1057
708.65094	1128.1144
708.66779	1127.941
708.68463	1129.4139
708.70154	1132.0103
708.71838	1134.6995
708.73523	1136.5107
708.75214	1137.4622
708.76898	1138.2621
708.78583	1138.9436
708.80267	1139.2565
708.81958	1139.4033
708.83643	1139.1323
708.85327	1138.0988
708.87018	1136.6326
708.88702	1135.0505
708.90387	1133.4041
708.92072	1131.7664
708.93762	1130.4922
708.95447	1129.3081
708.97131	1128.2144
708.98822	1127.2361
709.00507	1126.377
709.02191	1125.6215
709.03876	1124.9078
709.05566	1124.2739
709.07251	1123.7809
709.08936	1123.4854
709.10626	1123.4108
709.12311	1123.5594
709.13995	1123.9943
709.1568	1125.364
709.17371	1127.0978
709.19055	1129.2247
709.2074	1131.6617
709.2243	1133.6064
709.24115	1133.6281
709.258	1133.307
709.2749	1133.2682
709.29175	1134.5186
709.30859	1136.2157
709.32544	1139.1128
709.34235	1143.1642
709.35919	1148.781
709.37604	1151.5129
709.39294	1153.0302
709.40979	1152.8907
709.42664	1152.1421
709.44348	1151.1243
709.46039	1149.8901
709.47723	1148.8638
709.49408	1147.4679
709.51099	1146.0876
709.52783	1144.9579
709.54468	1144.1073
709.56152	1143.6205
709.57843	1143.5143
709.59528	1143.7507
709.61212	1144.152
709.62903	1144.7733
709.64587	1144.8748
709.66272	1144.847
709.67957	1144.6621
709.69647	1144.3503
709.71332	1143.9479
709.73016	1143.4958
709.74707	1143.0623
709.76392	1142.6733
709.78076	1142.3297
709.79767	1142.0608
709.81451	1141.8712
709.83136	1141.73
709.84821	1141.6281
709.86511	1141.5624
709.88196	1141.5228
709.8988	1141.2761
709.91571	1140.6639
709.93256	1139.7317
709.9494	1138.4784
709.96625	1137.1272
709.98315	1135.9288
710	1134.8719
